[Documentation]
information1 = This file stores the OID assignments for resources defined in this IG.
information2 = It must be added to git and committed when resources are added or their id is changed
information3 = You should not generally need to edit this file, but if you do:
information4 = (a) you can change the id of a resource (left side) if you change it's actual id in your source, to maintain OID consistency
information5 = (b) you can change the oid of the resource to an OID you assign manually. If you really know what you're doing with OIDs
information6 = There is never a reason to edit anything else

[Key]
CodeSystem = 1
ValueSet = 3
StructureDefinition = 16
OperationDefinition = 1
SearchParameter = 6
ConceptMap = 1

[CodeSystem]
hrex-temp = 2.16.840.1.113883.4.642.40.19.16.1

[ValueSet]
hrex-consent-policy = 2.16.840.1.113883.4.642.40.19.48.1
hrex-task-status = 2.16.840.1.113883.4.642.40.19.48.2
hrex-coverage-relationship = 2.16.840.1.113883.4.642.40.19.48.3

[StructureDefinition]
extension-itemAuthorizedDate = 2.16.840.1.113883.4.642.40.19.42.1
extension-itemAuthorizedProvider = 2.16.840.1.113883.4.642.40.19.42.2
extension-itemPreAuthIssueDate = 2.16.840.1.113883.4.642.40.19.42.3
extension-itemTraceNumber = 2.16.840.1.113883.4.642.40.19.42.4
hrex-claimresponse = 2.16.840.1.113883.4.642.40.19.42.5
hrex-consent = 2.16.840.1.113883.4.642.40.19.42.6
hrex-coverage = 2.16.840.1.113883.4.642.40.19.42.7
hrex-organization = 2.16.840.1.113883.4.642.40.19.42.8
hrex-parameters-member-match-in = 2.16.840.1.113883.4.642.40.19.42.9
hrex-parameters-member-match-out = 2.16.840.1.113883.4.642.40.19.42.10
hrex-patient-demographics = 2.16.840.1.113883.4.642.40.19.42.11
hrex-practitioner = 2.16.840.1.113883.4.642.40.19.42.12
hrex-practitionerrole = 2.16.840.1.113883.4.642.40.19.42.13
hrex-provenance = 2.16.840.1.113883.4.642.40.19.42.14
hrex-reference = 2.16.840.1.113883.4.642.40.19.42.15
hrex-task-data-request = 2.16.840.1.113883.4.642.40.19.42.16

[OperationDefinition]
member-match = 2.16.840.1.113883.4.642.40.19.33.1

[SearchParameter]
hrex-coverage-identifier = 2.16.840.1.113883.4.642.40.19.40.1
hrex-coverage-patient = 2.16.840.1.113883.4.642.40.19.40.2
hrex-coverage-payor = 2.16.840.1.113883.4.642.40.19.40.3
hrex-coverage-subscriber = 2.16.840.1.113883.4.642.40.19.40.4
hrex-coverage-subscriberId = 2.16.840.1.113883.4.642.40.19.40.5
hrex-provenance-target = 2.16.840.1.113883.4.642.40.19.40.6

[ConceptMap]
NUCC-CareTeamMemberFunction = 2.16.840.1.113883.4.642.40.19.18.1

